2.416281158073202651e+00
2.463630907873033848e+00
2.631673406608539878e+00
2.860337045565121805e+00
3.098229605017357891e+00
3.268323316252464306e+00
3.397168444382463459e+00
3.359377817926911813e+00
3.091029319133393738e+00
2.775979540330542061e+00
2.439012883103201634e+00
2.210097728639911274e+00
2.005313678558573898e+00
1.949181130842578158e+00
1.892914111592721937e+00
1.899140486476938339e+00
1.865552496922309400e+00
1.997964724134731362e+00
1.996982688145450435e+00
2.002623897675285480e+00
1.986319144122202340e+00
1.997077144836732598e+00
2.024008408807823844e+00
2.047397037069212722e+00
2.068531393722062184e+00
2.117505647098922417e+00
2.154371665970497229e+00
2.256222763937510312e+00
2.348125503459251640e+00
2.464826627555236183e+00
2.526756045499589209e+00
2.540955557323231861e+00
2.518757569327656487e+00
2.472168926561821412e+00
2.434913855066851429e+00
2.388675059714056914e+00
2.370195671355073141e+00
2.342340916529142447e+00
2.300993995519574842e+00
2.284397397654277739e+00
2.325819311563768199e+00
2.248446177820849101e+00
2.182823371352164532e+00
2.119040195087905420e+00
2.175316318533548898e+00
2.145313690698762876e+00
2.105536283249553886e+00
2.019486304171250524e+00
2.379726620689589289e+00
2.485101114863780936e+00
2.265334624586888168e+00
2.231129893355842331e+00
2.142394758821834611e+00
2.234617434841283501e+00
2.267463845742129891e+00
2.495053378473937489e+00
2.285503697176750393e+00
2.491131664069172746e+00
2.515953459947276816e+00
2.508072504720809892e+00
2.508951641499235663e+00
2.489523142185328997e+00
2.544236339951894799e+00
2.521857729922030611e+00
2.582021919865760129e+00
2.559673271650049209e+00
2.631805370173924352e+00
2.601739123521132679e+00
2.697011926361233325e+00
2.698674682009244652e+00
2.781266091406560559e+00
2.844366474613365892e+00
2.902691013723574631e+00
3.001136661838127662e+00
3.030436892909638136e+00
3.076250733248828251e+00
3.048856151361138966e+00
3.248350842178512998e+00
3.161740802837546216e+00
3.121719325701604930e+00
3.266918031839545655e+00
3.184321704160812061e+00
3.123902641953827164e+00
3.210579057951977067e+00
3.101340046845026954e+00
3.037158377380862806e+00
3.033324076804970293e+00
2.986660602935868436e+00
2.908222399129936964e+00
2.873208549828372149e+00
2.808943168318783545e+00
2.746596759862505621e+00
2.705412770275664958e+00
2.660751054869287202e+00
2.656090714685473309e+00
2.761269225320361453e+00
2.834747206296007516e+00
2.908092721513552359e+00
2.826963429669781203e+00
2.762755916419342483e+00
2.651991898933776071e+00
2.596093792326703120e+00
2.566741997620882731e+00
2.357321433079994755e+00
2.571407302813396800e+00
2.438381626636894062e+00
2.360313252277874696e+00
2.441754158621161075e+00
2.566741997620882731e+00
2.601175465366370787e+00
2.460114920843110120e+00
