1.286725264268214985e+00
1.244918908473059416e+00
1.222688306026466831e+00
1.144001894158759747e+00
1.021814445633050905e+00
8.636704239949597461e-01
6.087440110232285040e-01
3.247588198511415780e-01
-4.014646397661023047e-02
-2.183182782126278643e-01
-2.243039028120897282e-01
-6.906426536776720526e-02
2.281299182717974605e-01
4.089649602813394957e-01
6.141173319558389521e-01
7.438628978261654368e-01
7.755783155335189694e-01
6.951499040981488076e-01
6.316703031299135684e-01
5.775299022013288264e-01
5.479152280837843447e-01
5.150505547303885212e-01
4.956056557249236549e-01
4.906260529824240657e-01
4.397855394897468573e-01
3.753761275138329245e-01
3.330461647180870122e-01
2.780755506768421426e-01
2.773050011792921321e-01
3.239746727097070345e-01
4.223600160458719222e-01
5.358902856972584949e-01
6.256369346865309211e-01
6.791338830816353589e-01
7.325017402434137459e-01
7.553775434693132951e-01
7.736603336303623513e-01
8.087069798417716449e-01
8.234793531173526526e-01
8.232458006099157011e-01
7.962085424384139909e-01
8.301640283487733418e-01
8.255842239357477075e-01
8.160659195361914531e-01
8.386923335537547208e-01
9.060680327172240256e-01
9.710893984286679270e-01
1.064834963635058696e+00
8.029527012966123367e-01
8.405657016014044247e-01
9.303589978929853732e-01
1.029892841238531753e+00
1.040508550208921523e+00
1.029042040546497949e+00
9.282446980013397964e-01
8.396635996418240211e-01
1.005243267748806346e+00
8.433350299790817184e-01
8.229655463988755359e-01
7.825217863392783801e-01
7.456163463988889628e-01
6.918608052003475395e-01
6.815731161181870501e-01
6.509405433000090557e-01
6.081361447095695594e-01
5.385562945014694680e-01
5.421248100820972304e-01
4.151606584022828894e-01
4.554176405984302067e-01
3.327817788455049719e-01
3.869003460399174088e-01
2.469933468410668020e-01
3.530358970719398304e-01
3.036610341462865903e-01
2.513797434855608026e-01
3.797896410444669413e-01
4.459767859627577491e-01
4.593097203404097328e-01
5.472703411050301447e-01
5.827578127837055311e-01
6.673688620756057510e-01
6.670174380931732649e-01
6.930207950391932270e-01
8.411860953367610305e-01
8.203399964178481607e-01
8.169973932656389159e-01
9.523890790387637972e-01
9.035931160542663987e-01
8.857236859051463851e-01
9.754185748132729872e-01
9.305117420673401085e-01
9.939030176652563497e-01
9.385730619313137346e-01
9.718489777701799781e-01
9.246959287885977430e-01
9.035271849613100148e-01
8.626938202464486949e-01
8.129440368769081937e-01
8.742077293468570875e-01
8.966411547503289059e-01
9.280844385613867820e-01
8.986403340228057424e-01
9.130970874904635881e-01
1.116038892421554296e+00
9.146673982325658203e-01
1.136999043355552574e+00
1.140877243756383441e+00
1.136680296446614058e+00
9.130970874904635881e-01
1.057444796479112048e+00
1.250987232342676059e+00
